Mn is 1406.907, Mw is 2059.429 and the PDI is 1.464 
1000 
42 
76 
30 
36 
36 
60 
40 
216 
60 
44 
66 
96 
74 
98 
52 
54 
74 
38 
158 
84 
30 
46 
196 
286 
84 
244 
172 
104 
56 
128 
82 
38 
148 
172 
90 
64 
72 
40 
90 
270 
68 
280 
166 
180 
212 
32 
38 
72 
166 
238 
52 
52 
192 
88 
78 
248 
34 
202 
80 
118 
62 
30 
2 
62 
122 
4 
56 
54 
80 
96 
20 
124 
46 
38 
122 
64 
26 
92 
36 
204 
100 
86 
126 
30 
90 
78 
196 
36 
338 
184 
104 
108 
18 
302 
126 
106 
150 
44 
70 
52 
56 
38 
128 
10 
30 
208 
96 
82 
86 
28 
80 
98 
134 
246 
174 
22 
168 
132 
76 
286 
184 
104 
44 
32 
254 
138 
206 
92 
234 
168 
66 
154 
58 
180 
54 
76 
96 
118 
100 
52 
102 
150 
44 
78 
50 
86 
14 
116 
52 
118 
56 
94 
42 
8 
36 
254 
68 
98 
218 
22 
96 
134 
112 
102 
202 
112 
114 
44 
92 
14 
38 
60 
50 
54 
86 
186 
78 
28 
136 
178 
38 
194 
146 
76 
52 
146 
110 
46 
74 
78 
114 
104 
14 
148 
88 
118 
76 
150 
106 
182 
40 
106 
116 
46 
68 
34 
136 
22 
90 
162 
148 
128 
200 
28 
18 
96 
170 
22 
16 
146 
116 
174 
270 
2 
18 
174 
50 
32 
4 
70 
130 
100 
32 
30 
116 
46 
60 
90 
154 
96 
142 
126 
22 
72 
14 
212 
60 
84 
120 
74 
116 
86 
140 
60 
102 
272 
90 
106 
44 
86 
162 
58 
180 
68 
76 
156 
16 
128 
74 
58 
20 
16 
92 
216 
130 
182 
100 
82 
20 
60 
172 
62 
10 
166 
108 
72 
16 
56 
200 
114 
106 
114 
24 
104 
6 
50 
24 
108 
56 
124 
50 
52 
94 
30 
174 
154 
116 
282 
300 
92 
74 
112 
36 
122 
92 
66 
58 
50 
72 
28 
134 
64 
100 
86 
234 
80 
112 
90 
230 
102 
32 
150 
14 
58 
188 
46 
118 
96 
46 
18 
48 
52 
106 
26 
80 
120 
108 
38 
106 
56 
32 
62 
162 
312 
80 
18 
72 
30 
60 
214 
2 
84 
124 
294 
168 
140 
58 
30 
244 
90 
84 
112 
100 
44 
34 
76 
120 
26 
52 
36 
66 
132 
106 
116 
38 
10 
104 
10 
252 
84 
56 
126 
78 
60 
96 
226 
102 
134 
4 
36 
42 
28 
72 
42 
166 
212 
48 
86 
10 
94 
248 
100 
166 
184 
180 
40 
130 
150 
12 
76 
12 
86 
104 
130 
18 
122 
54 
224 
180 
12 
196 
256 
36 
182 
124 
146 
40 
42 
206 
138 
48 
98 
104 
104 
62 
154 
44 
54 
196 
106 
40 
58 
108 
70 
46 
186 
42 
68 
52 
62 
212 
98 
98 
48 
36 
180 
20 
174 
200 
380 
20 
86 
96 
142 
72 
66 
116 
38 
22 
62 
20 
20 
92 
106 
74 
108 
144 
28 
48 
224 
160 
82 
26 
170 
54 
48 
130 
88 
130 
134 
76 
22 
218 
174 
80 
76 
48 
64 
70 
142 
80 
30 
106 
126 
128 
158 
194 
132 
160 
156 
94 
168 
434 
298 
92 
148 
192 
80 
230 
138 
150 
190 
76 
86 
238 
38 
144 
128 
50 
88 
140 
162 
98 
20 
46 
86 
70 
272 
198 
52 
98 
106 
24 
54 
64 
218 
114 
54 
140 
74 
178 
198 
206 
28 
32 
86 
52 
84 
18 
78 
216 
44 
46 
246 
112 
60 
230 
102 
90 
54 
110 
104 
46 
230 
98 
112 
58 
86 
138 
40 
358 
50 
24 
70 
168 
44 
342 
28 
18 
16 
230 
58 
78 
98 
552 
18 
54 
100 
120 
50 
200 
254 
146 
214 
56 
182 
60 
132 
44 
78 
58 
52 
6 
86 
22 
38 
190 
98 
16 
100 
92 
58 
246 
64 
116 
64 
50 
182 
46 
100 
80 
86 
42 
26 
134 
194 
78 
74 
6 
132 
56 
92 
148 
14 
108 
138 
122 
154 
60 
60 
132 
84 
10 
82 
60 
196 
114 
150 
274 
68 
240 
74 
52 
74 
2 
56 
54 
52 
14 
74 
156 
154 
124 
58 
40 
138 
78 
36 
132 
268 
82 
44 
118 
56 
56 
64 
146 
38 
72 
56 
26 
58 
168 
94 
54 
54 
124 
106 
32 
34 
76 
248 
298 
82 
90 
18 
144 
34 
164 
104 
234 
150 
86 
60 
174 
68 
186 
48 
76 
70 
166 
210 
20 
68 
210 
10 
62 
46 
40 
76 
48 
34 
62 
88 
58 
88 
46 
102 
210 
38 
114 
178 
32 
70 
50 
58 
60 
184 
196 
54 
56 
66 
166 
216 
110 
154 
24 
36 
186 
60 
242 
104 
30 
12 
122 
34 
136 
54 
70 
88 
178 
62 
58 
90 
104 
90 
74 
102 
120 
112 
56 
138 
156 
140 
216 
106 
46 
34 
16 
44 
138 
110 
6 
38 
78 
136 
148 
166 
52 
12 
76 
68 
52 
86 
54 
34 
56 
218 
138 
26 
50 
100 
78 
74 
42 
162 
148 
12 
88 
138 
102 
98 
48 
166 
140 
6 
62 
122 
46 
186 
144 
242 
70 
46 
214 
112 
22 
138 
86 
158 
128 
64 
12 
68 
72 
44 
38 
146 
50 
54 
96 
166 
96 
56 
82 
36 
58 
40 
60 
100 
66 
182 
50 
36 
66 
54 
32 
68 
180 
74 
72 
92 
142 
18 
232 
404 
50 
118 
92 
58 
110 
40 
188 
30 
76 
222 
136 
74 
42 
4 
78 
128 
66 
234 
200 
246 
132 
46 
50 
32 
170 
108 
134 
96 
186 
122 
34 
56 
106 
108 
42 
156 
56 
54 
188 
56 
26 
52 
62 
88 
98 
134 
70 
72 
60 
220 
88 
136 
170 
64 
66 
32 
154 
50 
56 
94 
112 
102 
128 
40 
70 
118 
114 
44 
222 
28 
70 
160 
44 
32 
58 
64 
64 
46 
18 
146 
72 
104 
160 
32 
306 
186 
128 
104 
78 
46 
148 
134 
100 
112 
162 
124 
26 
144 
68 
144 
86 
106 
64 
16 
134 
128 
210 
24 
340 
174 
64 
74 
160 
40 
